Vernier Format 2
1.txt 5/5/2018 10:31:59
Měření 1
Čas	Čidlo O2	
Č	Č	
min	%
0.0 19.89
0.12	19.89
0.18	19.89
0.3	19.89
0.42	19.89
0.48	19.89
0.6	19.89
0.72	19.89
0.78	19.89
0.9	19.88
1.02	19.87
1.08	19.88
1.2	19.87
1.32	19.88
1.38	19.88
1.5	19.87
1.62	19.86
1.68	19.87
1.8	19.86
1.92	19.86
1.98	19.86
2.1	19.86
2.22	19.85
2.28	19.85
2.4	19.85
2.52	19.85
2.58	19.85
2.7	19.85
2.82	19.84
2.88	19.84
3.0	19.84
3.12	19.84
3.18	19.84
3.3	19.84
3.42	19.84
3.48	19.85
3.6	19.84
3.72	19.84
3.78	19.84
3.9	19.84
4.02	19.84
4.08	19.84
4.2	19.84
4.32	19.85
4.38	19.84
4.5	19.85
4.62	19.85
4.68	19.86
4.8	19.86
4.92	19.85
4.98	19.86
5.1	19.86
5.22	19.86
5.28	19.86
5.4	19.86
5.52	19.87
5.58	19.87
5.7	19.87
5.82	19.88
5.88	19.89
6.0	19.88
6.12	19.89
6.18	19.89
6.3	19.89
6.42	19.89
6.48	19.89
6.6	19.89
6.72	19.89
6.78	19.89
6.9	19.89
7.02	19.89
7.08	19.89
7.2	19.89
7.32	19.90
7.38	19.90
7.5	19.91
7.62	19.91
7.68	19.91
7.8	19.91
7.92	19.92
7.98	19.92
8.1	19.91
8.22	19.92
8.28	19.91
8.4	19.92
8.52	19.92
8.58	19.92
8.7	19.92
8.82	19.92
8.88	19.92
9.0	19.93
9.12	19.93
9.18	19.92
9.3	19.92
9.42	19.92
9.48	19.92
9.6	19.93
9.72	19.92
9.78	19.92
9.9	19.92
10.02	19.93
10.08	19.93
10.2	19.92
10.32	19.93
10.38	19.92
10.5	19.92
10.62	19.93
10.68	19.93
10.8	19.93
10.92	19.94
10.98	19.93
11.1	19.93
11.22	19.93
11.28	19.93
11.4	19.93
11.52	19.93
11.58	19.93
11.7	19.93
11.82	19.93
11.88	19.93
12.0	19.94
12.12	19.93
12.18	19.93
12.3	19.94
12.42	19.94
12.48	19.94
12.6	19.94
12.72	19.94
12.78	19.94
12.9	19.94
13.02	19.94
13.08	19.94
13.2	19.95
13.32	19.94
13.38	19.94
13.5	19.94
13.62	19.94
13.68	19.94
13.8	19.94
13.92	19.95
13.98	19.94
14.1	19.94
14.22	19.95
14.28	19.95
14.4	19.95
14.52	19.95
14.58	19.94
14.7	19.96
14.82	19.95
14.88	19.95
15.0	19.95
15.12	19.96
15.18	19.95
15.3	19.96
15.42	19.95
15.48	19.96
15.6	19.95
15.72	19.95
15.78	19.95
15.9	19.95
16.02	19.96
16.08	19.96
16.2	19.96
16.32	19.96
16.38	19.96
16.5	19.96
16.62	19.96
16.68	19.96
16.8	19.96
16.92	19.96
16.98	19.96
17.1	19.96
17.22	19.96
17.28	19.96
17.4	19.96
17.52	19.96
17.58	19.96
17.7	19.96
17.82	19.96
17.88	19.96
18.0	19.96
18.12	19.96
18.18	19.96
18.3	19.96
18.42	19.96
18.48	19.96
18.6	19.97
18.72	19.96
18.78	19.96
18.9	19.96
19.02	19.96
19.08	19.96
19.2	19.96
19.32	19.96
19.38	19.96
19.5	19.96
19.62	19.95
19.68	19.96
19.8	19.96
19.92	19.96
19.98	19.96
20.1	19.96
20.22	19.96
20.28	19.96
20.4	19.95
20.52	19.96
20.58	19.96
20.7	19.96
20.82	19.96
20.88	19.96
21.0	19.96
21.12	19.95
21.18	19.96
21.3	19.95
21.42	19.96
21.48	19.96
21.6	19.96
21.72	19.96
21.78	19.96
21.9	19.96
22.02	19.96
22.08	19.97
22.2	19.96
22.32	19.96
22.38	19.96
22.5	19.96
22.62	19.96
22.68	19.96
22.8	19.96
22.92	19.96
22.98	19.97
23.1	19.96
23.22	19.96
23.28	19.97
23.4	19.96
23.52	19.96
23.58	19.96
23.7	19.96
23.82	19.96
23.88	19.96
24.0	19.96
24.12	19.96
24.18	19.96
24.3	19.97
24.42	19.96
24.48	19.97
24.6	19.96
24.72	19.96
24.78	19.96
24.9	19.96
25.02	19.96
25.08	19.96
25.2	19.96
25.32	19.96
25.38	19.97
25.5	19.96
25.62	19.95
25.68	19.95
25.8	19.96
25.92	19.95
25.98	19.96
26.1	19.95
26.22	19.95
26.28	19.95
26.4	19.95
26.52	19.95
26.58	19.95
26.7	19.94
26.82	19.95
26.88	19.94
27.0	19.95
27.12	19.94
27.18	19.94
27.3	19.94
27.42	19.94
27.48	19.94
27.6	19.94
27.72	19.94
27.78	19.94
27.9	19.94
28.02	19.94
28.08	19.94
28.2	19.94
28.32	19.94
28.38	19.94
28.5	19.94
28.62	19.94
28.68	19.94
28.8	19.94
28.92	19.94
28.98	19.94
29.1	19.94
29.22	19.94
29.28	19.94
29.4	19.94
29.52	19.95
29.58	19.95
29.7	19.95
29.82	19.95
29.88	19.95
30.0	19.95
30.12	19.96
30.18	19.95
30.3	19.95
30.42	19.95
30.48	19.95
30.6	19.95
30.72	19.95
30.78	19.95
30.9	19.95
31.02	19.96
31.08	19.96
31.2	19.95
31.32	19.96
31.38	19.96
31.5	19.95
31.62	19.96
31.68	19.96
31.8	19.96
31.92	19.96
31.98	19.96
32.1	19.96
32.22	19.96
32.28	19.96
32.4	19.96
32.52	19.97
32.58	19.96
32.7	19.96
32.82	19.96
32.88	19.96
33.0	19.96
33.12	19.96
33.18	19.96
33.3	19.96
33.42	19.96
33.48	19.97
33.6	19.96
33.72	19.96
33.78	19.96
33.9	19.96
34.02	19.97
34.08	19.96
34.2	19.96
34.32	19.97
34.38	19.96
34.5	19.96
34.62	19.96
34.68	19.96
34.8	19.96
34.92	19.96
34.98	19.96
35.1	19.96
35.22	19.95
35.28	19.95
35.4	19.96
35.52	19.96
35.58	19.96
35.7	19.96
35.82	19.95
35.88	19.96
36.0	19.95
36.12	19.95
36.18	19.95
36.3	19.95
36.42	19.96
36.48	19.95
36.6	19.95
36.72	19.95
36.78	19.95
36.9	19.95
37.02	19.94
37.08	19.95
37.2	19.94
37.32	19.95
37.38	19.94
37.5	19.94
37.62	19.94
37.68	19.94
37.8	19.94
37.92	19.94
37.98	19.94
38.1	19.94
38.22	19.94
38.28	19.94
38.4	19.94
38.52	19.93
38.58	19.93
38.7	19.94
38.82	19.94
38.88	19.94
39.0	19.93
39.12	19.94
39.18	19.93
39.3	19.93
39.42	19.94
39.48	19.94
39.6	19.94
39.72	19.93
39.78	19.94
39.9	19.93
40.02	19.94
40.08	19.94
40.2	19.94
40.32	19.93
40.38	19.94
40.5	19.94
40.62	19.94
40.68	19.93
40.8	19.94
40.92	19.93
40.98	19.93
41.1	19.94
41.22	19.94
41.28	19.94
41.4	19.94
41.52	19.94
41.58	19.94
41.7	19.93
41.82	19.94
41.88	19.93
42.0	19.94
42.12	19.94
42.18	19.93
42.3	19.93
42.42	19.93
42.48	19.94
42.6	19.94
42.72	19.94
42.78	19.93
42.9	19.94
43.02	19.94
43.08	19.93
43.2	19.94
43.32	19.94
43.38	19.93
43.5	19.93
43.62	19.94
43.68	19.93
43.8	19.94
43.92	19.94
43.98	19.93
44.1	19.93
44.22	19.94
44.28	19.94
44.4	19.94
44.52	19.94
44.58	19.94
44.7	19.94
44.82	19.94
44.88	19.95
45.0	19.95
45.12	19.94
45.18	19.95
45.3	19.95
45.42	19.95
45.48	19.95
45.6	19.95
45.72	19.95
45.78	19.96
45.9	19.96
46.02	19.95
46.08	19.96
46.2	19.95
46.32	19.96
46.38	19.96
46.5	19.96
46.62	19.96
46.68	19.96
46.8	19.96
46.92	19.96
46.98	19.96
47.1	19.96
47.22	19.96
47.28	19.96
47.4	19.96
47.52	19.96
47.58	19.95
47.7	19.96
47.82	19.97
47.88	19.96
48.0	19.96
48.12	19.96
48.18	19.96
48.3	19.96
48.42	19.96
48.48	19.96
48.6	19.96
48.72	19.96
48.78	19.97
48.9	19.96
49.02	19.96
49.08	19.96
49.2	19.96
49.32	19.96
49.38	19.96
49.5	19.96
49.62	19.96
49.68	19.96
49.8	19.96
49.92	19.95
49.98	19.96
50.1	19.96
50.22	19.95
50.28	19.96
50.4	19.96
50.52	19.96
50.58	19.96
50.7	19.96
50.82	19.96
50.88	19.96
51.0	19.96
51.12	19.96
51.18	19.95
51.3	19.96
51.42	19.96
51.48	19.96
51.6	19.96
51.72	19.95
51.78	19.96
51.9	19.96
52.02	19.96
52.08	19.96
52.2	19.95
52.32	19.95
52.38	19.95
52.5	19.95
52.62	19.96
52.68	19.95
52.8	19.96
52.92	19.96
52.98	19.95
53.1	19.95
53.22	19.95
53.28	19.95
53.4	19.95
53.52	19.95
53.58	19.94
53.7	19.95
53.82	19.94
53.88	19.95
54.0	19.95
54.12	19.95
54.18	19.95
54.3	19.94
54.42	19.95
54.48	19.94
54.6	19.95
54.72	19.94
54.78	19.94
54.9	19.95
55.02	19.94
55.08	19.95
55.2	19.94
55.32	19.94
55.38	19.94
55.5	19.94
55.62	19.94
55.68	19.94
55.8	19.94
55.92	19.94
55.98	19.94
56.1	19.95
56.22	19.94
56.28	19.95
56.4	19.94
56.52	19.94
56.58	19.94
56.7	19.95
56.82	19.95
56.88	19.95
57.0	19.95
57.12	19.95
57.18	19.95
57.3	19.95
57.42	19.95
57.48	19.95
57.6	19.95
57.72	19.95
57.78	19.94
57.9	19.95
58.02	19.95
58.08	19.96
58.2	19.96
58.32	19.96
58.38	19.96
58.5	19.96
58.62	19.95
58.68	19.95
58.8	19.96
58.92	19.96
58.98	19.96
59.1	19.95
59.22	19.95
59.28	19.96
59.4	19.96
59.52	19.96
59.58	19.96
59.7	19.96
59.82	19.96
59.88	19.96
60.0	19.96
60.12	19.96
60.18	19.95
60.3	19.95
60.42	19.96
60.48	19.95
60.6	19.95
60.72	19.96
60.78	19.96
60.9	19.95
61.02	19.95
61.08	19.96
61.2	19.95
61.32	19.95
61.38	19.95
61.5	19.94
61.62	19.95
61.68	19.94
61.8	19.94
61.92	19.94
61.98	19.95
62.1	19.94
62.22	19.94
62.28	19.94
62.4	19.94
62.52	19.94
62.58	19.94
62.7	19.94
62.82	19.94
62.88	19.93
63.0	19.93
63.12	19.94
63.18	19.94
63.3	19.93
63.42	19.93
63.48	19.92
63.6	19.93
63.72	19.92
63.78	19.92
63.9	19.93
64.02	19.93
64.08	19.92
64.2	19.92
64.32	19.92
64.38	19.92
64.5	19.92
64.62	19.92
64.68	19.92
64.8	19.92
64.92	19.92
64.98	19.92
65.1	19.92
65.22	19.92
65.28	19.91
65.4	19.92
65.52	19.91
65.58	19.92
65.7	19.92
65.82	19.91
65.88	19.91
66.0	19.91
66.12	19.91
66.18	19.91
66.3	19.91
66.42	19.91
66.48	19.91
66.6	19.91
66.72	19.91
66.78	19.91
66.9	19.91
67.02	19.91
67.08	19.90
67.2	19.91
67.32	19.90
67.38	19.91
67.5	19.90
67.62	19.91
67.68	19.91
67.8	19.91
67.92	19.91
67.98	19.91
68.1	19.91
68.22	19.91
68.28	19.91
68.4	19.91
68.52	19.90
68.58	19.91
68.7	19.91
68.82	19.91
68.88	19.91
69.0	19.91
69.12	19.91
69.18	19.91
69.3	19.91
69.42	19.92
69.48	19.92
69.6	19.92
69.72	19.92
69.78	19.92
69.9	19.93
70.02	19.92
70.08	19.92
70.2	19.93
70.32	19.92
70.38	19.93
70.5	19.93
70.62	19.92
70.68	19.93
70.8	19.94
70.92	19.93
70.98	19.94
71.1	19.94
71.22	19.93
71.28	19.94
71.4	19.94
71.52	19.94
71.58	19.94
71.7	19.94
71.82	19.94
71.88	19.94
72.0	19.94
72.12	19.94
72.18	19.94
72.3	19.94
72.42	19.94
72.48	19.94
72.6	19.94
72.72	19.94
72.78	19.94
72.9	19.94
73.02	19.94
73.08	19.94
73.2	19.94
73.32	19.95
73.38	19.94
73.5	19.94
73.62	19.94
73.68	19.94
73.8	19.94
73.92	19.94
73.98	19.95
74.1	19.94
74.22	19.95
74.28	19.95
74.4	19.95
74.52	19.94
74.58	19.94
74.7	19.95
74.82	19.94
74.88	19.95
75.0	19.94
75.12	19.94
75.18	19.95
75.3	19.95
75.42	19.94
75.48	19.95
75.6	19.95
75.72	19.95
75.78	19.95
75.9	19.95
76.02	19.94
76.08	19.94
76.2	19.95
76.32	19.94
76.38	19.94
76.5	19.94
76.62	19.94
76.68	19.94
76.8	19.94
76.92	19.94
76.98	19.94
77.1	19.94
77.22	19.93
77.28	19.94
77.4	19.94
77.52	19.93
77.58	19.93
77.7	19.93
77.82	19.94
77.88	19.93
78.0	19.93
78.12	19.93
78.18	19.93
78.3	19.93
78.42	19.92
78.48	19.92
78.6	19.93
78.72	19.93
78.78	19.92
78.9	19.92
79.02	19.93
79.08	19.92
79.2	19.93
79.32	19.92
79.38	19.92
79.5	19.92
79.62	19.92
79.68	19.92
79.8	19.92
79.92	19.92
79.98	19.92
80.1	19.92
80.22	19.92
80.28	19.92
80.4	19.92
80.52	19.92
80.58	19.91
80.7	19.92
80.82	19.91
80.88	19.91
81.0	19.92
81.12	19.92
81.18	19.91
81.3	19.91
81.42	19.91
81.48	19.90
81.6	19.91
81.72	19.90
81.78	19.90
81.9	19.89
82.02	19.89
82.08	19.89
82.2	19.89
82.32	19.89
82.38	19.89
82.5	19.89
82.62	19.89
82.68	19.89
82.8	19.89
82.92	19.89
82.98	19.89
83.1	19.89
83.22	19.89
83.28	19.90
83.4	19.89
83.52	19.89
83.58	19.90
83.7	19.90
83.82	19.89
83.88	19.89
84.0	19.90
84.12	19.90
84.18	19.90
84.3	19.90
84.42	19.90
84.48	19.90
84.6	19.90
84.72	19.91
84.78	19.91
84.9	19.90
85.02	19.91
85.08	19.89
85.2	19.90
85.32	19.91
85.38	19.90
85.5	19.90
85.62	19.90
85.68	19.90
85.8	19.90
85.92	19.90
85.98	19.90
86.1	19.90
86.22	19.90
86.28	19.90
86.4	19.89
86.52	19.90
86.58	19.90
86.7	19.90
86.82	19.89
86.88	19.90
87.0	19.89
87.12	19.90
87.18	19.90
87.3	19.89
87.42	19.89
87.48	19.90
87.6	19.89
87.72	19.89
87.78	19.90
87.9	19.89
88.02	19.89
88.08	19.89
88.2	19.89
88.32	19.89
88.38	19.89
88.5	19.89
88.62	19.89
88.68	19.89
88.8	19.89
88.92	19.89
88.98	19.89
89.1	19.90
89.22	19.89
89.28	19.89
89.4	19.89
89.52	19.89
89.58	19.89
89.7	19.89
89.82	19.89
89.88	19.89
90.0	19.89
90.12	19.89
90.18	19.89
90.3	19.89
90.42	19.89
90.48	19.89
90.6	19.89
90.72	19.89
90.78	19.89
90.9	19.90
91.02	19.89
91.08	19.89
91.2	19.89
91.32	19.89
91.38	19.89
91.5	19.89
91.62	19.89
91.68	19.89
91.8	19.89
91.92	19.89
91.98	19.89
92.1	19.89
92.22	19.89
92.28	19.89
92.4	19.89
92.52	19.89
92.58	19.89
92.7	19.89
92.82	19.89
92.88	19.89
93.0	19.89
93.12	19.89
93.18	19.88
93.3	19.88
93.42	19.89
93.48	19.87
93.6	19.87
93.72	19.88
93.78	19.88
93.9	19.87
94.02	19.87
94.08	19.88
94.2	19.87
94.32	19.87
94.38	19.87
94.5	19.87
94.62	19.87
94.68	19.87
94.8	19.87
94.92	19.87
94.98	19.87
95.1	19.87
95.22	19.87
95.28	19.87
95.4	19.86
95.52	19.86
95.58	19.87
95.7	19.87
95.82	19.87
95.88	19.87
96.0	19.87
96.12	19.87
96.18	19.87
96.3	19.87
96.42	19.86
96.48	19.86
96.6	19.87
96.72	19.87
96.78	19.87
96.9	19.87
97.02	19.87
97.08	19.87
97.2	19.87
97.32	19.87
97.38	19.87
97.5	19.87
97.62	19.87
97.68	19.87
97.8	19.87
97.92	19.88
97.98	19.88
98.1	19.87
98.22	19.89
98.28	19.87
98.4	19.87
98.52	19.87
98.58	19.88
98.7	19.88
98.82	19.88
98.88	19.88
99.0	19.87
99.12	19.88
99.18	19.88
99.3	19.88
99.42	19.87
99.48	19.88
99.6	19.88
99.72	19.89
99.78	19.88
99.9	19.88
100.02	19.89
100.08	19.88
100.2	19.87
100.32	19.88
100.38	19.89
100.5	19.89
100.62	19.88
100.68	19.88
100.8	19.89
100.92	19.89
100.98	19.89
101.1	19.89
101.22	19.89
101.28	19.89
101.4	19.89
101.52	19.89
101.58	19.89
101.7	19.89
101.82	19.89
101.88	19.89
102.0	19.89
102.12	19.88
102.18	19.88
102.3	19.89
102.42	19.88
102.48	19.88
102.6	19.88
102.72	19.87
102.78	19.88
102.9	19.89
103.02	19.87
103.08	19.88
103.2	19.87
103.32	19.87
103.38	19.87
103.5	19.87
103.62	19.87
103.68	19.86
103.8	19.86
103.92	19.87
103.98	19.86
104.1	19.86
104.22	19.86
104.28	19.86
104.4	19.86
104.52	19.86
104.58	19.86
104.7	19.86
104.82	19.86
104.88	19.86
105.0	19.86
105.12	19.86
105.18	19.86
105.3	19.85
105.42	19.86
105.48	19.86
105.6	19.86
105.72	19.86
105.78	19.85
105.9	19.85
106.02	19.86
106.08	19.86
106.2	19.85
106.32	19.86
106.38	19.85
106.5	19.86
106.62	19.86
106.68	19.86
106.8	19.86
106.92	19.86
106.98	19.86
107.1	19.85
107.22	19.85
107.28	19.85
107.4	19.85
107.52	19.86
107.58	19.85
107.7	19.85
107.82	19.85
107.88	19.86
108.0	19.86
108.12	19.85
108.18	19.86
108.3	19.85
108.42	19.85
108.48	19.85
108.6	19.85
108.72	19.86
108.78	19.85
108.9	19.85
109.02	19.85
109.08	19.85
109.2	19.85
109.32	19.85
109.38	19.85
109.5	19.85
109.62	19.84
109.68	19.84
109.8	19.84
109.92	19.85
109.98	19.84
110.1	19.84
110.22	19.84
110.28	19.85
110.4	19.84
110.52	19.84
110.58	19.84
110.7	19.84
110.82	19.84
110.88	19.84
111.0	19.84
111.12	19.84
111.18	19.84
111.3	19.84
111.42	19.85
111.48	19.84
111.6	19.84
111.72	19.84
111.78	19.84
111.9	19.84
112.02	19.84
112.08	19.84
112.2	19.84
112.32	19.84
112.38	19.84
112.5	19.84
112.62	19.84
112.68	19.84
112.8	19.84
112.92	19.84
112.98	19.84
113.1	19.84
113.22	19.84
113.28	19.84
113.4	19.84
113.52	19.84
113.58	19.84
113.7	19.84
113.82	19.84
113.88	19.84
114.0	19.84
114.12	19.84
114.18	19.84
114.3	19.83
114.42	19.84
114.48	19.83
114.6	19.84
114.72	19.83
114.78	19.84
114.9	19.83
115.02	19.83
115.08	19.84
115.2	19.84
115.32	19.84
115.38	19.83
115.5	19.83
115.62	19.83
115.68	19.83
115.8	19.84
115.92	19.84
115.98	19.83
116.1	19.84
116.22	19.84
116.28	19.83
116.4	19.84
116.52	19.83
116.58	19.84
116.7	19.84
116.82	19.84
116.88	19.84
117.0	19.84
117.12	19.84
117.18	19.84
117.3	19.84
117.42	19.84
117.48	19.83
117.6	19.83
117.72	19.84
117.78	19.84
117.9	19.84
118.02	19.84
118.08	19.83
118.2	19.84
118.32	19.83
118.38	19.84
118.5	19.84
118.62	19.84
118.68	19.84
118.8	19.83
118.92	19.83
118.98	19.83
119.1	19.83
119.22	19.83
119.28	19.83
119.4	19.84
119.52	19.83
119.58	19.83
119.7	19.83
119.82	19.83
119.88	19.83
120.0	19.83
120.12	19.82
120.18	19.82
120.3	19.83
120.42	19.83
120.48	19.82
120.6	19.82
120.72	19.82
120.78	19.82
120.9	19.83
121.02	19.82
121.08	19.83
121.2	19.82
121.32	19.82
121.38	19.82
121.5	19.82
121.62	19.82
121.68	19.82
121.8	19.82
121.92	19.82
121.98	19.82
122.1	19.82
122.22	19.82
122.28	19.82
122.4	19.81
122.52	19.82
122.58	19.81
122.7	19.81
122.82	19.82
122.88	19.82
123.0	19.81
123.12	19.82
123.18	19.82
123.3	19.81
123.42	19.82
123.48	19.81
123.6	19.82
123.72	19.82
123.78	19.81
123.9	19.82
124.02	19.81
124.08	19.81
124.2	19.82
124.32	19.81
124.38	19.81
124.5	19.82
124.62	19.82
124.68	19.82
124.8	19.82
124.92	19.81
124.98	19.82
125.1	19.82
125.22	19.82
125.28	19.81
125.4	19.81
125.52	19.81
125.58	19.82
125.7	19.81
125.82	19.80
125.88	19.80
126.0	19.80
126.12	19.80
126.18	19.81
126.3	19.81
126.42	19.80
126.48	19.81
126.6	19.81
126.72	19.80
126.78	19.82
126.9	19.80
127.02	19.80
127.08	19.80
127.2	19.80
127.32	19.80
127.38	19.80
127.5	19.81
127.62	19.80
127.68	19.81
127.8	19.80
127.92	19.81
127.98	19.81
128.1	19.80
128.22	19.81
128.28	19.82
128.4	19.81
128.52	19.81
128.58	19.81
128.7	19.81
128.82	19.81
128.88	19.81
129.0	19.82
129.12	19.81
129.18	19.82
129.3	19.82
129.42	19.82
129.48	19.82
129.6	19.82
129.72	19.83
129.78	19.81
129.9	19.82
130.02	19.82
130.08	19.82
130.2	19.81
130.32	19.82
130.38	19.81
130.5	19.81
130.62	19.81
130.68	19.82
130.8	19.81
130.92	19.81
130.98	19.80
131.1	19.80
131.22	19.80
131.28	19.80
131.4	19.81
131.52	19.81
131.58	19.80
131.7	19.80
131.82	19.80
131.88	19.80
132.0	19.80
132.12	19.80
132.18	19.80
132.3	19.80
132.42	19.80
132.48	19.80
132.6	19.80
132.72	19.80
132.78	19.80
132.9	19.80
133.02	19.79
133.08	19.79
133.2	19.79
133.32	19.79
133.38	19.79
133.5	19.79
133.62	19.79
133.68	19.79
133.8	19.79
133.92	19.79
133.98	19.79
134.1	19.79
134.22	19.79
134.28	19.79
134.4	19.79
134.52	19.79
134.58	19.79
134.7	19.79
134.82	19.79
134.88	19.79
135.0	19.79
135.12	19.79
135.18	19.79
135.3	19.79
135.42	19.79
135.48	19.79
135.6	19.79
135.72	19.79
135.78	19.79
135.9	19.78
136.02	19.80
136.08	19.79
136.2	19.79
136.32	19.79
136.38	19.79
136.5	19.79
136.62	19.79
136.68	19.79
136.8	19.79
136.92	19.79
136.98	19.80
137.1	19.80
137.22	19.80
137.28	19.79
137.4	19.79
137.52	19.79
137.58	19.78
137.7	19.79
137.82	19.79
137.88	19.79
138.0	19.79
138.12	19.79
138.18	19.79
138.3	19.79
138.42	19.79
138.48	19.79
138.6	19.79
138.72	19.78
138.78	19.79
138.9	19.79
139.02	19.78
139.08	19.79
139.2	19.79
139.32	19.79
139.38	19.78
139.5	19.78
139.62	19.78
139.68	19.79
139.8	19.79
139.92	19.79
139.98	19.79
140.1	19.79
140.22	19.79
140.28	19.78
140.4	19.78
140.52	19.78
140.58	19.78
140.7	19.79
140.82	19.78
140.88	19.78
141.0	19.78
141.12	19.78
141.18	19.78
141.3	19.79
141.42	19.78
141.48	19.78
141.6	19.78
141.72	19.78
141.78	19.78
141.9	19.78
142.02	19.78
142.08	19.78
142.2	19.78
142.32	19.78
142.38	19.78
142.5	19.78
142.62	19.78
142.68	19.78
142.8	19.78
142.92	19.78
142.98	19.77
143.1	19.78
143.22	19.78
143.28	19.78
143.4	19.77
143.52	19.78
143.58	19.77
143.7	19.77
143.82	19.77
143.88	19.77
144.0	19.76
144.12	19.76
144.18	19.76
144.3	19.77
144.42	19.76
144.48	19.76
144.6	19.77
144.72	19.77
144.78	19.77
144.9	19.76
145.02	19.76
145.08	19.78
145.2	19.77
145.32	19.77
145.38	19.77
145.5	19.76
145.62	19.78
145.68	19.77
145.8	19.76
145.92	19.77
145.98	19.77
146.1	19.76
146.22	19.77
146.28	19.77
146.4	19.78
146.52	19.78
146.58	19.78
146.7	19.77
146.82	19.77
146.88	19.78
147.0	19.78
147.12	19.77
147.18	19.78
147.3	19.78
147.42	19.78
147.48	19.77
147.6	19.78
147.72	19.78
147.78	19.78
147.9	19.78
148.02	19.78
148.08	19.78
148.2	19.78
148.32	19.78
148.38	19.78
148.5	19.78
148.62	19.78
148.68	19.78
148.8	19.78
148.92	19.78
148.98	19.78
149.1	19.78
149.22	19.78
149.28	19.78
149.4	19.78
149.52	19.78
149.58	19.77
149.7	19.78
149.82	19.78
149.88	19.78
150.0	19.78
150.12	19.78
150.18	19.78
150.3	19.78
150.42	19.78
150.48	19.78
150.6	19.78
150.72	19.78
150.78	19.78
150.9	19.78
151.02	19.78
151.08	19.78
151.2	19.78
151.32	19.78
151.38	19.78
151.5	19.78
151.62	19.78
151.68	19.78
151.8	19.78
151.92	19.78
151.98	19.78
152.1	19.78
152.22	19.78
152.28	19.78
152.4	19.78
152.52	19.78
152.58	19.78
152.7	19.78
152.82	19.78
152.88	19.78
153.0	19.78
153.12	19.78
153.18	19.78
153.3	19.78
153.42	19.78
153.48	19.78
153.6	19.78
153.72	19.79
153.78	19.78
153.9	19.78
154.02	19.79
154.08	19.78
154.2	19.78
154.32	19.78
154.38	19.78
154.5	19.79
154.62	19.79
154.68	19.79
154.8	19.79
154.92	19.78
154.98	19.79
155.1	19.79
155.22	19.79
155.28	19.79
155.4	19.79
155.52	19.80
155.58	19.79
155.7	19.79
155.82	19.79
155.88	19.79
156.0	19.79
156.12	19.80
156.18	19.79
156.3	19.80
156.42	19.79
156.48	19.80
156.6	19.80
156.72	19.79
156.78	19.79
156.9	19.80
157.02	19.79
157.08	19.80
157.2	19.79
157.32	19.79
157.38	19.79
157.5	19.79
157.62	19.79
157.68	19.79
157.8	19.79
157.92	19.79
157.98	19.79
158.1	19.79
158.22	19.79
158.28	19.79
158.4	19.79
158.52	19.79
158.58	19.79
158.7	19.78
158.82	19.78
158.88	19.78
159.0	19.78
159.12	19.78
159.18	19.78
159.3	19.78
159.42	19.78
159.48	19.78
159.6	19.78
159.72	19.78
159.78	19.77
159.9	19.78
160.02	19.78
160.08	19.78
160.2	19.78
160.32	19.77
160.38	19.78
160.5	19.77
160.62	19.78
160.68	19.78
160.8	19.78
160.92	19.78
160.98	19.78
161.1	19.77
161.22	19.78
161.28	19.76
161.4	19.77
161.52	19.77
161.58	19.78
161.7	19.77
161.82	19.78
161.88	19.78
162.0	19.77
162.12	19.78
162.18	19.78
162.3	19.78
162.42	19.78
162.48	19.78
162.6	19.78
162.72	19.78
162.78	19.78
162.9	19.77
163.02	19.77
163.08	19.77
163.2	19.76
163.32	19.77
163.38	19.77
163.5	19.78
163.62	19.77
163.68	19.77
163.8	19.78
163.92	19.77
163.98	19.78
164.1	19.77
164.22	19.77
164.28	19.78
164.4	19.78
164.52	19.78
164.58	19.78
164.7	19.78
164.82	19.78
164.88	19.78
165.0	19.78
165.12	19.78
165.18	19.78
165.3	19.78
165.42	19.78
165.48	19.77
165.6	19.78
165.72	19.78
165.78	19.78
165.9	19.78
166.02	19.78
166.08	19.78
166.2	19.78
166.32	19.78
166.38	19.78
166.5	19.78
166.62	19.78
166.68	19.78
166.8	19.78
166.92	19.78
166.98	19.78
167.1	19.78
167.22	19.78
167.28	19.78
167.4	19.78
167.52	19.78
167.58	19.78
167.7	19.78
167.82	19.78
167.88	19.78
168.0	19.78
168.12	19.78
168.18	19.78
168.3	19.78
168.42	19.78
168.48	19.78
168.6	19.78
168.72	19.78
168.78	19.78
168.9	19.78
169.02	19.78
169.08	19.78
169.2	19.78
169.32	19.78
169.38	19.78
169.5	19.78
169.62	19.78
169.68	19.78
169.8	19.78
169.92	19.78
169.98	19.78
170.1	19.78
170.22	19.78
170.28	19.78
170.4	19.78
170.52	19.78
170.58	19.78
170.7	19.78
170.82	19.78
170.88	19.78
171.0	19.78
171.12	19.78
171.18	19.78
171.3	19.78
171.42	19.78
171.48	19.78
171.6	19.78
171.72	19.78
171.78	19.77
171.9	19.76
172.02	19.76
172.08	19.77
172.2	19.78
172.32	19.76
172.38	19.76
172.5	19.76
172.62	19.75
172.68	19.76
172.8	19.76
172.92	19.76
172.98	19.76
173.1	19.76
173.22	19.76
173.28	19.76
173.4	19.76
173.52	19.76
173.58	19.75
173.7	19.76
173.82	19.76
173.88	19.76
174.0	19.76
174.12	19.76
174.18	19.75
174.3	19.76
174.42	19.76
174.48	19.76
174.6	19.76
174.72	19.75
174.78	19.75
174.9	19.75
175.02	19.75
175.08	19.76
175.2	19.75
175.32	19.75
175.38	19.75
175.5	19.75
175.62	19.75
175.68	19.75
175.8	19.75
175.92	19.75
175.98	19.75
176.1	19.75
176.22	19.75
176.28	19.74
176.4	19.75
176.52	19.75
176.58	19.75
176.7	19.75
176.82	19.75
176.88	19.75
177.0	19.74
177.12	19.75
177.18	19.75
177.3	19.74
177.42	19.75
177.48	19.73
177.6	19.75
177.72	19.74
177.78	19.75
177.9	19.74
178.02	19.75
178.08	19.73
178.2	19.74
178.32	19.74
178.38	19.74
178.5	19.74
178.62	19.74
178.68	19.74
178.8	19.74
178.92	19.75
178.98	19.74
179.1	19.73
179.22	19.73
179.28	19.74
179.4	19.74
179.52	19.74
179.58	19.73
179.7	19.75
179.82	19.75
179.88	19.75
180.0	19.74
