Vernier Format 2
3.txt 5/5/2018 10:33:33
Měření 1
Čas	Čidlo O2	
Č	Č	
min	%	

0.0	19.92	
0.1	19.93	
0.2	19.92	
0.3	19.93	
0.4	19.93	
0.5	19.93	
0.6	19.92	
0.7	19.93	
0.8	19.93	
0.9	19.93	
1.0	19.93	
1.1	19.93	
1.2	19.93	
1.3	19.93	
1.4	19.93	
1.5	19.93	
1.6	19.93	
1.7	19.93	
1.8	19.93	
1.9	19.93	
2.0	19.93	
2.1	19.93	
2.2	19.93	
2.3	19.93	
2.4	19.93	
2.5	19.93	
2.6	19.93	
2.7	19.93	
2.8	19.93	
2.9	19.93	
3.0	19.93	
3.1	19.93	
3.2	19.93	
3.3	19.93	
3.4	19.93	
3.5	19.93	
3.6	19.93	
3.7	19.93	
3.8	19.93	
3.9	19.93	
4.0	19.93	
4.1	19.93	
4.2	19.93	
4.3	19.93	
4.4	19.93	
4.5	19.93	
4.6	19.93	
4.7	19.93	
4.8	19.93	
4.9	19.93	
5.0	19.93	
5.1	19.93	
5.2	19.93	
5.3	19.93	
5.4	19.93	
5.5	19.93	
5.6	19.93	
5.7	19.93	
5.8	19.93	
5.9	19.93	
6.0	19.93	
6.1	19.93	
6.2	19.93	
6.3	19.93	
6.4	19.93	
6.5	19.93	
6.6	19.93	
6.7	19.93	
6.8	19.93	
6.9	19.93	
7.0	19.94	
7.1	19.93	
7.2	19.93	
7.3	19.93	
7.4	19.93	
7.5	19.93	
7.6	19.93	
7.7	19.93	
7.8	19.93	
7.9	19.93	
8.0	19.93	
8.1	19.93	
8.2	19.93	
8.3	19.93	
8.4	19.94	
8.5	19.93	
8.6	19.93	
8.7	19.93	
8.8	19.94	
8.9	19.93	
9.0	19.93	
9.1	19.93	
9.2	19.93	
9.3	19.93	
9.4	19.94	
9.5	19.94	
9.6	19.95	
9.7	19.94	
9.8	19.95	
9.9	19.94	
10.0	19.95	
10.1	19.95	
10.2	19.94	
10.3	19.94	
10.4	19.96	
10.5	19.96	
10.6	19.95	
10.7	19.95	
10.8	19.96	
10.9	19.96	
11.0	19.95	
11.1	19.96	
11.2	19.95	
11.3	19.96	
11.4	19.97	
11.5	19.96	
11.6	19.96	
11.7	19.97	
11.8	19.96	
11.9	19.96	
12.0	19.97	
12.1	19.97	
12.2	19.97	
12.3	19.97	
12.4	19.97	
12.5	19.97	
12.6	19.97	
12.7	19.97	
12.8	19.98	
12.9	19.97	
13.0	19.98	
13.1	19.98	
13.2	19.98	
13.3	19.98	
13.4	19.97	
13.5	19.97	
13.6	19.98	
13.7	19.98	
13.8	19.98	
13.9	19.98	
14.0	19.98	
14.1	19.98	
14.2	19.97	
14.3	19.98	
14.4	19.98	
14.5	19.98	
14.6	19.98	
14.7	19.98	
14.8	19.98	
14.9	19.98	
15.0	19.98	
15.1	19.98	
15.2	19.98	
15.3	19.98	
15.4	19.99	
15.5	19.98	
15.6	19.98	
15.7	19.98	
15.8	19.98	
15.9	19.98	
16.0	19.98	
16.1	19.98	
16.2	19.98	
16.3	19.98	
16.4	19.98	
16.5	19.98	
16.6	19.98	
16.7	19.98	
16.8	19.98	
16.9	19.98	
17.0	19.98	
17.1	19.98	
17.2	19.98	
17.3	19.98	
17.4	19.98	
17.5	19.98	
17.6	19.98	
17.7	19.98	
17.8	19.97	
17.9	19.98	
18.0	19.98	
18.1	19.98	
18.2	19.98	
18.3	19.97	
18.4	19.98	
18.5	19.98	
18.6	19.97	
18.7	19.98	
18.8	19.98	
18.9	19.98	
19.0	19.98	
19.1	19.99	
19.2	19.98	
19.3	19.98	
19.4	19.98	
19.5	19.98	
19.6	19.98	
19.7	19.98	
19.8	19.98	
19.9	19.98	
20.0	19.98	
20.1	19.98	
20.2	19.98	
20.3	19.98	
20.4	19.98	
20.5	19.98	
20.6	19.98	
20.7	19.98	
20.8	19.98	
20.9	19.98	
21.0	19.98	
21.1	19.98	
21.2	19.98	
21.3	19.99	
21.4	19.98	
21.5	19.98	
21.6	19.98	
21.7	19.98	
21.8	19.99	
21.9	19.99	
22.0	19.99	
22.1	19.98	
22.2	19.98	
22.3	19.99	
22.4	19.99	
22.5	19.99	
22.6	19.98	
22.7	19.99	
22.8	19.98	
22.9	19.98	
23.0	19.98	
23.1	19.98	
23.2	19.98	
23.3	19.99	
23.4	19.98	
23.5	19.98	
23.6	20.00	
23.7	19.98	
23.8	19.98	
23.9	19.99	
24.0	19.99	
24.1	19.98	
24.2	19.98	
24.3	19.98	
24.4	19.98	
24.5	19.99	
24.6	19.99	
24.7	19.99	
24.8	19.98	
24.9	19.99	
25.0	19.98	
25.1	19.99	
25.2	19.99	
25.3	19.98	
25.4	19.98	
25.5	19.98	
25.6	19.98	
25.7	19.99	
25.8	19.99	
25.9	19.98	
26.0	19.99	
26.1	19.98	
26.2	19.99	
26.3	19.98	
26.4	19.98	
26.5	19.98	
26.6	19.99	
26.7	19.99	
26.8	19.99	
26.9	19.99	
27.0	19.98	
27.1	19.98	
27.2	19.99	
27.3	19.99	
27.4	19.98	
27.5	19.98	
27.6	19.99	
27.7	19.99	
27.8	19.99	
27.9	20.00	
28.0	19.99	
28.1	19.99	
28.2	19.99	
28.3	19.98	
28.4	19.99	
28.5	19.99	
28.6	19.99	
28.7	19.99	
28.8	19.99	
28.9	20.00	
29.0	19.99	
29.1	20.00	
29.2	20.00	
29.3	20.00	
29.4	20.00	
29.5	20.00	
29.6	19.99	
29.7	19.99	
29.8	19.99	
29.9	19.99	
30.0	20.00	
30.1	20.00	
30.2	19.99	
30.3	19.99	
30.4	19.99	
30.5	19.99	
30.6	20.00	
30.7	19.99	
30.8	20.00	
30.9	20.00	
31.0	20.00	
31.1	20.00	
31.2	20.00	
31.3	20.00	
31.4	20.00	
31.5	19.99	
31.6	20.00	
31.7	20.00	
31.8	19.99	
31.9	19.99	
32.0	20.00	
32.1	19.99	
32.2	19.99	
32.3	19.99	
32.4	19.99	
32.5	19.99	
32.6	20.00	
32.7	19.99	
32.8	19.99	
32.9	19.99	
33.0	19.99	
33.1	19.99	
33.2	19.99	
33.3	19.99	
33.4	19.99	
33.5	19.99	
33.6	19.99	
33.7	19.98	
33.8	19.99	
33.9	19.98	
34.0	19.98	
34.1	19.99	
34.2	19.98	
34.3	19.99	
34.4	19.98	
34.5	19.98	
34.6	19.98	
34.7	19.98	
34.8	19.98	
34.9	19.98	
35.0	19.98	
35.1	19.98	
35.2	19.98	
35.3	19.98	
35.4	19.98	
35.5	19.98	
35.6	19.98	
35.7	19.98	
35.8	19.98	
35.9	19.98	
36.0	19.98	
36.1	19.98	
36.2	19.98	
36.3	19.98	
36.4	19.98	
36.5	19.98	
36.6	19.99	
36.7	19.98	
36.8	19.98	
36.9	19.99	
37.0	19.98	
37.1	19.99	
37.2	19.99	
37.3	19.99	
37.4	19.98	
37.5	19.99	
37.6	19.98	
37.7	19.98	
37.8	19.98	
37.9	19.99	
38.0	19.99	
38.1	20.00	
38.2	19.99	
38.3	19.98	
38.4	19.99	
38.5	19.99	
38.6	19.99	
38.7	20.00	
38.8	19.99	
38.9	19.99	
39.0	20.00	
39.1	19.99	
39.2	19.99	
39.3	19.99	
39.4	19.99	
39.5	19.99	
39.6	19.99	
39.7	19.99	
39.8	20.00	
39.9	20.00	
40.0	19.99	
40.1	19.99	
40.2	19.99	
40.3	19.99	
40.4	19.99	
40.5	19.99	
40.6	19.99	
40.7	19.99	
40.8	19.99	
40.9	19.99	
41.0	20.00	
41.1	20.00	
41.2	19.99	
41.3	20.00	
41.4	19.99	
41.5	20.00	
41.6	19.99	
41.7	20.00	
41.8	20.00	
41.9	19.99	
42.0	20.00	
42.1	20.00	
42.2	19.99	
42.3	19.99	
42.4	20.00	
42.5	19.99	
42.6	19.99	
42.7	20.00	
42.8	19.99	
42.9	20.00	
43.0	20.00	
43.1	20.00	
43.2	19.99	
43.3	20.00	
43.4	20.00	
43.5	19.99	
43.6	19.99	
43.7	20.00	
43.8	19.99	
43.9	20.00	
44.0	19.99	
44.1	19.99	
44.2	19.99	
44.3	20.00	
44.4	19.99	
44.5	19.99	
44.6	20.00	
44.7	19.99	
44.8	19.98	
44.9	19.98	
45.0	19.99	
45.1	19.99	
45.2	19.98	
45.3	19.99	
45.4	19.99	
45.5	19.99	
45.6	19.99	
45.7	20.00	
45.8	19.99	
45.9	19.98	
46.0	19.98	
46.1	19.99	
46.2	19.98	
46.3	19.99	
46.4	19.98	
46.5	19.98	
46.6	19.98	
46.7	19.98	
46.8	19.99	
46.9	19.98	
47.0	19.98	
47.1	19.98	
47.2	19.98	
47.3	19.98	
47.4	19.98	
47.5	19.98	
47.6	19.98	
47.7	19.98	
47.8	19.97	
47.9	19.98	
48.0	19.98	
48.1	19.98	
48.2	19.98	
48.3	19.98	
48.4	19.98	
48.5	19.98	
48.6	19.98	
48.7	19.97	
48.8	19.97	
48.9	19.97	
49.0	19.98	
49.1	19.97	
49.2	19.98	
49.3	19.97	
49.4	19.97	
49.5	19.98	
49.6	19.98	
49.7	19.97	
49.8	19.97	
49.9	19.97	
50.0	19.97	
50.1	19.97	
50.2	19.97	
50.3	19.98	
50.4	19.98	
50.5	19.97	
50.6	19.98	
50.7	19.98	
50.8	19.97	
50.9	19.98	
51.0	19.98	
51.1	19.98	
51.2	19.97	
51.3	19.97	
51.4	19.98	
51.5	19.98	
51.6	19.97	
51.7	19.97	
51.8	19.98	
51.9	19.97	
52.0	19.98	
52.1	19.98	
52.2	19.98	
52.3	19.98	
52.4	19.98	
52.5	19.98	
52.6	19.98	
52.7	19.97	
52.8	19.98	
52.9	19.98	
53.0	19.98	
53.1	19.98	
53.2	19.98	
53.3	19.98	
53.4	19.98	
53.5	19.98	
53.6	19.98	
53.7	19.98	
53.8	19.99	
53.9	19.98	
54.0	19.98	
54.1	19.99	
54.2	19.99	
54.3	19.98	
54.4	19.98	
54.5	19.98	
54.6	19.99	
54.7	19.99	
54.8	19.98	
54.9	19.99	
55.0	19.99	
55.1	20.00	
55.2	19.99	
55.3	19.98	
55.4	19.98	
55.5	19.99	
55.6	19.99	
55.7	20.00	
55.8	19.99	
55.9	19.99	
56.0	19.99	
56.1	19.99	
56.2	19.99	
56.3	19.99	
56.4	19.99	
56.5	19.99	
56.6	19.98	
56.7	19.99	
56.8	20.00	
56.9	19.99	
57.0	20.00	
57.1	19.99	
57.2	20.00	
57.3	19.99	
57.4	19.99	
57.5	19.99	
57.6	19.99	
57.7	20.00	
57.8	19.99	
57.9	20.00	
58.0	20.00	
58.1	20.00	
58.2	20.01	
58.3	20.00	
58.4	19.99	
58.5	20.00	
58.6	20.00	
58.7	20.00	
58.8	20.00	
58.9	20.00	
59.0	20.00	
59.1	20.01	
59.2	20.00	
59.3	20.00	
59.4	20.00	
59.5	20.00	
59.6	20.00	
59.7	20.00	
59.8	20.00	
59.9	20.00	
60.0	20.00	
60.1	20.00	
60.2	20.00	
60.3	20.00	
60.4	20.01	
60.5	20.00	
60.6	20.01	
60.7	20.01	
60.8	20.00	
60.9	20.00	
61.0	20.00	
61.1	20.01	
61.2	20.00	
61.3	20.01	
61.4	20.00	
61.5	20.00	
61.6	20.00	
61.7	20.00	
61.8	20.00	
61.9	20.01	
62.0	20.00	
62.1	20.00	
62.2	20.00	
62.3	20.00	
62.4	20.01	
62.5	20.00	
62.6	20.00	
62.7	20.00	
62.8	20.01	
62.9	20.00	
63.0	20.00	
63.1	20.01	
63.2	20.00	
63.3	20.00	
63.4	20.01	
63.5	20.01	
63.6	20.00	
63.7	20.00	
63.8	20.00	
63.9	20.00	
64.0	20.01	
64.1	20.00	
64.2	20.00	
64.3	20.00	
64.4	20.00	
64.5	20.00	
64.6	20.00	
64.7	20.00	
64.8	20.00	
64.9	20.00	
65.0	20.00	
65.1	20.00	
65.2	20.00	
65.3	20.00	
65.4	20.01	
65.5	20.00	
65.6	20.01	
65.7	20.00	
65.8	20.00	
65.9	20.00	
66.0	20.00	
66.1	20.00	
66.2	20.00	
66.3	20.00	
66.4	20.00	
66.5	20.00	
66.6	20.00	
66.7	20.00	
66.8	20.00	
66.9	20.00	
67.0	20.00	
67.1	20.00	
67.2	19.99	
67.3	20.00	
67.4	20.00	
67.5	20.00	
67.6	20.00	
67.7	20.00	
67.8	20.01	
67.9	20.00	
68.0	20.00	
68.1	20.00	
68.2	19.99	
68.3	20.00	
68.4	19.99	
68.5	19.99	
68.6	20.00	
68.7	20.00	
68.8	20.00	
68.9	20.00	
69.0	19.99	
69.1	20.00	
69.2	19.99	
69.3	19.99	
69.4	19.99	
69.5	20.00	
69.6	20.00	
69.7	19.99	
69.8	19.99	
69.9	19.99	
70.0	19.99	
70.1	19.99	
70.2	19.99	
70.3	19.99	
70.4	19.98	
70.5	19.99	
70.6	19.99	
70.7	19.99	
70.8	19.99	
70.9	19.99	
71.0	19.99	
71.1	19.99	
71.2	19.98	
71.3	19.99	
71.4	19.99	
71.5	19.98	
71.6	19.98	
71.7	19.98	
71.8	19.99	
71.9	19.98	
72.0	19.98	
72.1	19.99	
72.2	19.98	
72.3	19.98	
72.4	19.98	
72.5	19.98	
72.6	19.98	
72.7	19.98	
72.8	19.98	
72.9	19.98	
73.0	19.98	
73.1	19.98	
73.2	19.98	
73.3	19.98	
73.4	19.98	
73.5	19.98	
73.6	19.98	
73.7	19.98	
73.8	19.99	
73.9	19.98	
74.0	19.98	
74.1	19.98	
74.2	19.98	
74.3	19.98	
74.4	19.98	
74.5	19.98	
74.6	19.98	
74.7	19.97	
74.8	19.98	
74.9	19.98	
75.0	19.97	
75.1	19.98	
75.2	19.97	
75.3	19.97	
75.4	19.98	
75.5	19.98	
75.6	19.97	
75.7	19.97	
75.8	19.98	
75.9	19.97	
76.0	19.97	
76.1	19.97	
76.2	19.97	
76.3	19.97	
76.4	19.97	
76.5	19.97	
76.6	19.97	
76.7	19.97	
76.8	19.97	
76.9	19.97	
77.0	19.97	
77.1	19.97	
77.2	19.97	
77.3	19.97	
77.4	19.97	
77.5	19.97	
77.6	19.96	
77.7	19.97	
77.8	19.96	
77.9	19.96	
78.0	19.96	
78.1	19.97	
78.2	19.97	
78.3	19.96	
78.4	19.96	
78.5	19.96	
78.6	19.96	
78.7	19.97	
78.8	19.96	
78.9	19.96	
79.0	19.96	
79.1	19.96	
79.2	19.96	
79.3	19.96	
79.4	19.97	
79.5	19.96	
79.6	19.97	
79.7	19.96	
79.8	19.96	
79.9	19.96	
80.0	19.96	
80.1	19.96	
80.2	19.96	
80.3	19.96	
80.4	19.96	
80.5	19.96	
80.6	19.96	
80.7	19.96	
80.8	19.95	
80.9	19.97	
81.0	19.96	
81.1	19.96	
81.2	19.96	
81.3	19.97	
81.4	19.96	
81.5	19.96	
81.6	19.97	
81.7	19.97	
81.8	19.96	
81.9	19.96	
82.0	19.96	
82.1	19.96	
82.2	19.96	
82.3	19.95	
82.4	19.96	
82.5	19.96	
82.6	19.96	
82.7	19.96	
82.8	19.96	
82.9	19.97	
83.0	19.96	
83.1	19.97	
83.2	19.96	
83.3	19.95	
83.4	19.95	
83.5	19.97	
83.6	19.97	
83.7	19.96	
83.8	19.97	
83.9	19.97	
84.0	19.96	
84.1	19.95	
84.2	19.96	
84.3	19.96	
84.4	19.96	
84.5	19.97	
84.6	19.96	
84.7	19.96	
84.8	19.96	
84.9	19.96	
85.0	19.96	
85.1	19.96	
85.2	19.95	
85.3	19.95	
85.4	19.97	
85.5	19.96	
85.6	19.96	
85.7	19.96	
85.8	19.96	
85.9	19.96	
86.0	19.95	
86.1	19.95	
86.2	19.96	
86.3	19.96	
86.4	19.95	
86.5	19.97	
86.6	19.96	
86.7	19.95	
86.8	19.96	
86.9	19.95	
87.0	19.96	
87.1	19.96	
87.2	19.97	
87.3	19.95	
87.4	19.95	
87.5	19.95	
87.6	19.96	
87.7	19.95	
87.8	19.95	
87.9	19.94	
88.0	19.95	
88.1	19.94	
88.2	19.95	
88.3	19.96	
88.4	19.94	
88.5	19.95	
88.6	19.95	
88.7	19.95	
88.8	19.95	
88.9	19.95	
89.0	19.95	
89.1	19.94	
89.2	19.94	
89.3	19.95	
89.4	19.94	
89.5	19.94	
89.6	19.93	
89.7	19.95	
89.8	19.95	
89.9	19.94	
90.0	19.94	
90.1	19.95	
90.2	19.93	
90.3	19.94	
90.4	19.93	
90.5	19.93	
90.6	19.93	
90.7	19.94	
90.8	19.94	
90.9	19.94	
91.0	19.94	
91.1	19.93	
91.2	19.94	
91.3	19.94	
91.4	19.94	
91.5	19.94	
91.6	19.94	
91.7	19.93	
91.8	19.93	
91.9	19.94	
92.0	19.93	
92.1	19.93	
92.2	19.93	
92.3	19.93	
92.4	19.93	
92.5	19.93	
92.6	19.94	
92.7	19.93	
92.8	19.93	
92.9	19.93	
93.0	19.93	
93.1	19.93	
93.2	19.93	
93.3	19.93	
93.4	19.93	
93.5	19.93	
93.6	19.93	
93.7	19.93	
93.8	19.93	
93.9	19.93	
94.0	19.93	
94.1	19.93	
94.2	19.93	
94.3	19.93	
94.4	19.93	
94.5	19.93	
94.6	19.93	
94.7	19.93	
94.8	19.93	
94.9	19.94	
95.0	19.93	
95.1	19.93	
95.2	19.93	
95.3	19.93	
95.4	19.93	
95.5	19.93	
95.6	19.94	
95.7	19.93	
95.8	19.93	
95.9	19.93	
96.0	19.93	
96.1	19.94	
96.2	19.93	
96.3	19.93	
96.4	19.93	
96.5	19.93	
96.6	19.93	
96.7	19.93	
96.8	19.93	
96.9	19.93	
97.0	19.93	
97.1	19.93	
97.2	19.93	
97.3	19.93	
97.4	19.93	
97.5	19.93	
97.6	19.93	
97.7	19.93	
97.8	19.93	
97.9	19.93	
98.0	19.93	
98.1	19.93	
98.2	19.93	
98.3	19.93	
98.4	19.93	
98.5	19.93	
98.6	19.93	
98.7	19.93	
98.8	19.93	
98.9	19.93	
99.0	19.93	
99.1	19.93	
99.2	19.93	
99.3	19.93	
99.4	19.92	
99.5	19.93	
99.6	19.93	
99.7	19.93	
99.8	19.93	
99.9	19.92	
100.0	19.93	
100.1	19.93	
100.2	19.93	
100.3	19.93	
100.4	19.93	
100.5	19.92	
100.6	19.93	
100.7	19.92	
100.8	19.92	
100.9	19.93	
101.0	19.93	
101.1	19.91	
101.2	19.92	
101.3	19.93	
101.4	19.92	
101.5	19.91	
101.6	19.92	
101.7	19.92	
101.8	19.92	
101.9	19.92	
102.0	19.92	
102.1	19.91	
102.2	19.91	
102.3	19.91	
102.4	19.91	
102.5	19.91	
102.6	19.92	
102.7	19.92	
102.8	19.91	
102.9	19.91	
103.0	19.92	
103.1	19.92	
103.2	19.92	
103.3	19.93	
103.4	19.92	
103.5	19.92	
103.6	19.91	
103.7	19.91	
103.8	19.91	
103.9	19.91	
104.0	19.91	
104.1	19.92	
104.2	19.91	
104.3	19.92	
104.4	19.91	
104.5	19.91	
104.6	19.92	
104.7	19.91	
104.8	19.92	
104.9	19.91	
105.0	19.91	
105.1	19.91	
105.2	19.92	
105.3	19.92	
105.4	19.91	
105.5	19.91	
105.6	19.92	
105.7	19.92	
105.8	19.92	
105.9	19.91	
106.0	19.92	
106.1	19.91	
106.2	19.93	
106.3	19.93	
106.4	19.91	
106.5	19.91	
106.6	19.91	
106.7	19.93	
106.8	19.91	
106.9	19.92	
107.0	19.90	
107.1	19.91	
107.2	19.91	
107.3	19.91	
107.4	19.91	
107.5	19.91	
107.6	19.91	
107.7	19.91	
107.8	19.90	
107.9	19.90	
108.0	19.91	
108.1	19.91	
108.2	19.91	
108.3	19.90	
108.4	19.90	
108.5	19.90	
108.6	19.90	
108.7	19.90	
108.8	19.90	
108.9	19.91	
109.0	19.90	
109.1	19.90	
109.2	19.90	
109.3	19.89	
109.4	19.90	
109.5	19.90	
109.6	19.89	
109.7	19.91	
109.8	19.89	
109.9	19.89	
110.0	19.90	
110.1	19.90	
110.2	19.89	
110.3	19.90	
110.4	19.89	
110.5	19.90	
110.6	19.90	
110.7	19.89	
110.8	19.89	
110.9	19.90	
111.0	19.89	
111.1	19.90	
111.2	19.90	
111.3	19.90	
111.4	19.89	
111.5	19.89	
111.6	19.89	
111.7	19.89	
111.8	19.89	
111.9	19.89	
112.0	19.89	
112.1	19.89	
112.2	19.89	
112.3	19.90	
112.4	19.89	
112.5	19.89	
112.6	19.89	
112.7	19.89	
112.8	19.89	
112.9	19.90	
113.0	19.89	
113.1	19.90	
113.2	19.89	
113.3	19.89	
113.4	19.89	
113.5	19.89	
113.6	19.89	
113.7	19.89	
113.8	19.88	
113.9	19.88	
114.0	19.89	
114.1	19.88	
114.2	19.89	
114.3	19.89	
114.4	19.89	
114.5	19.88	
114.6	19.88	
114.7	19.89	
114.8	19.89	
114.9	19.89	
115.0	19.89	
115.1	19.89	
115.2	19.88	
115.3	19.89	
115.4	19.89	
115.5	19.89	
115.6	19.89	
115.7	19.88	
115.8	19.89	
115.9	19.89	
116.0	19.89	
116.1	19.88	
116.2	19.88	
116.3	19.89	
116.4	19.89	
116.5	19.88	
116.6	19.89	
116.7	19.88	
116.8	19.89	
116.9	19.88	
117.0	19.88	
117.1	19.88	
117.2	19.89	
117.3	19.88	
117.4	19.89	
117.5	19.89	
117.6	19.88	
117.7	19.89	
117.8	19.88	
117.9	19.88	
118.0	19.88	
118.1	19.88	
118.2	19.88	
118.3	19.88	
118.4	19.89	
118.5	19.89	
118.6	19.88	
118.7	19.88	
118.8	19.88	
118.9	19.89	
119.0	19.88	
119.1	19.88	
119.2	19.88	
119.3	19.88	
119.4	19.89	
119.5	19.89	
119.6	19.88	
119.7	19.88	
119.8	19.88	
119.9	19.88	
120.0	19.88	
120.1	19.88	
120.2	19.88	
120.3	19.88	
120.4	19.88	
120.5	19.88	
120.6	19.88	
120.7	19.87	
120.8	19.88	
120.9	19.88	
121.0	19.87	
121.1	19.88	
121.2	19.88	
121.3	19.88	
121.4	19.88	
121.5	19.88	
121.6	19.88	
121.7	19.88	
121.8	19.88	
121.9	19.88	
122.0	19.87	
122.1	19.88	
122.2	19.88	
122.3	19.88	
122.4	19.88	
122.5	19.88	
122.6	19.88	
122.7	19.88	
122.8	19.88	
122.9	19.87	
123.0	19.87	
123.1	19.88	
123.2	19.87	
123.3	19.87	
123.4	19.88	
123.5	19.87	
123.6	19.88	
123.7	19.87	
123.8	19.88	
123.9	19.87	
124.0	19.87	
124.1	19.87	
124.2	19.88	
124.3	19.87	
124.4	19.87	
124.5	19.87	
124.6	19.87	
124.7	19.87	
124.8	19.87	
124.9	19.87	
125.0	19.87	
125.1	19.87	
125.2	19.87	
125.3	19.87	
125.4	19.87	
125.5	19.87	
125.6	19.87	
125.7	19.87	
125.8	19.87	
125.9	19.87	
126.0	19.87	
126.1	19.87	
126.2	19.86	
126.3	19.87	
126.4	19.87	
126.5	19.86	
126.6	19.87	
126.7	19.87	
126.8	19.86	
126.9	19.86	
127.0	19.87	
127.1	19.87	
127.2	19.86	
127.3	19.87	
127.4	19.86	
127.5	19.86	
127.6	19.86	
127.7	19.86	
127.8	19.86	
127.9	19.86	
128.0	19.85	
128.1	19.86	
128.2	19.86	
128.3	19.86	
128.4	19.86	
128.5	19.86	
128.6	19.85	
128.7	19.86	
128.8	19.87	
128.9	19.85	
129.0	19.85	
129.1	19.86	
129.2	19.85	
129.3	19.84	
129.4	19.86	
129.5	19.85	
129.6	19.85	
129.7	19.86	
129.8	19.86	
129.9	19.86	
130.0	19.86	
130.1	19.86	
130.2	19.86	
130.3	19.85	
130.4	19.85	
130.5	19.86	
130.6	19.86	
130.7	19.84	
130.8	19.86	
130.9	19.86	
131.0	19.85	
131.1	19.87	
131.2	19.86	
131.3	19.86	
131.4	19.85	
131.5	19.86	
131.6	19.86	
131.7	19.86	
131.8	19.86	
131.9	19.86	
132.0	19.85	
132.1	19.85	
132.2	19.85	
132.3	19.86	
132.4	19.86	
132.5	19.86	
132.6	19.86	
132.7	19.86	
132.8	19.85	
132.9	19.86	
133.0	19.86	
133.1	19.86	
133.2	19.86	
133.3	19.85	
133.4	19.86	
133.5	19.86	
133.6	19.87	
133.7	19.87	
133.8	19.86	
133.9	19.86	
134.0	19.86	
134.1	19.86	
134.2	19.86	
134.3	19.86	
134.4	19.86	
134.5	19.86	
134.6	19.86	
134.7	19.86	
134.8	19.86	
134.9	19.87	
135.0	19.87	
135.1	19.85	
135.2	19.86	
135.3	19.86	
135.4	19.86	
135.5	19.86	
135.6	19.86	
135.7	19.86	
135.8	19.86	
135.9	19.86	
136.0	19.87	
136.1	19.87	
136.2	19.87	
136.3	19.87	
136.4	19.86	
136.5	19.87	
136.6	19.87	
136.7	19.86	
136.8	19.86	
136.9	19.86	
137.0	19.87	
137.1	19.86	
137.2	19.87	
137.3	19.87	
137.4	19.86	
137.5	19.86	
137.6	19.87	
137.7	19.87	
137.8	19.87	
137.9	19.87	
138.0	19.87	
138.1	19.86	
138.2	19.87	
138.3	19.87	
138.4	19.87	
138.5	19.87	
138.6	19.87	
138.7	19.87	
138.8	19.87	
138.9	19.86	
139.0	19.87	
139.1	19.87	
139.2	19.87	
139.3	19.87	
139.4	19.87	
139.5	19.87	
139.6	19.87	
139.7	19.86	
139.8	19.87	
139.9	19.87	
140.0	19.87	
140.1	19.87	
140.2	19.87	
140.3	19.87	
140.4	19.87	
140.5	19.87	
140.6	19.87	
140.7	19.86	
140.8	19.87	
140.9	19.87	
141.0	19.86	
141.1	19.86	
141.2	19.86	
141.3	19.86	
141.4	19.85	
141.5	19.86	
141.6	19.86	
141.7	19.86	
141.8	19.86	
141.9	19.86	
142.0	19.86	
142.1	19.86	
142.2	19.85	
142.3	19.86	
142.4	19.86	
142.5	19.85	
142.6	19.86	
142.7	19.85	
142.8	19.86	
142.9	19.85	
143.0	19.84	
143.1	19.85	
143.2	19.85	
143.3	19.85	
143.4	19.86	
143.5	19.84	
143.6	19.86	
143.7	19.86	
143.8	19.85	
143.9	19.84	
144.0	19.84	
144.1	19.84	
144.2	19.85	
144.3	19.84	
144.4	19.84	
144.5	19.84	
144.6	19.84	
144.7	19.84	
144.8	19.84	
144.9	19.84	
145.0	19.85	
145.1	19.84	
145.2	19.84	
145.3	19.84	
145.4	19.85	
145.5	19.85	
145.6	19.84	
145.7	19.86	
145.8	19.84	
145.9	19.85	
146.0	19.84	
146.1	19.84	
146.2	19.85	
146.3	19.84	
146.4	19.85	
146.5	19.84	
146.6	19.85	
146.7	19.85	
146.8	19.85	
146.9	19.84	
147.0	19.84	
147.1	19.85	
147.2	19.85	
147.3	19.86	
147.4	19.84	
147.5	19.84	
147.6	19.84	
147.7	19.84	
147.8	19.84	
147.9	19.85	
148.0	19.85	
148.1	19.84	
148.2	19.84	
148.3	19.85	
148.4	19.85	
148.5	19.85	
148.6	19.84	
148.7	19.85	
148.8	19.84	
148.9	19.86	
149.0	19.86	
149.1	19.84	
149.2	19.85	
149.3	19.85	
149.4	19.86	
149.5	19.85	
149.6	19.85	
149.7	19.85	
149.8	19.85	
149.9	19.85	
150.0	19.85	
150.1	19.86	
150.2	19.86	
150.3	19.86	
150.4	19.86	
150.5	19.87	
150.6	19.86	
150.7	19.86	
150.8	19.85	
150.9	19.86	
151.0	19.86	
151.1	19.86	
151.2	19.85	
151.3	19.87	
151.4	19.86	
151.5	19.86	
151.6	19.86	
151.7	19.86	
151.8	19.86	
151.9	19.86	
152.0	19.86	
152.1	19.86	
152.2	19.86	
152.3	19.85	
152.4	19.87	
152.5	19.86	
152.6	19.86	
152.7	19.87	
152.8	19.86	
152.9	19.86	
153.0	19.86	
153.1	19.86	
153.2	19.86	
153.3	19.86	
153.4	19.85	
153.5	19.86	
153.6	19.85	
153.7	19.86	
153.8	19.86	
153.9	19.85	
154.0	19.86	
154.1	19.85	
154.2	19.85	
154.3	19.87	
154.4	19.85	
154.5	19.86	
154.6	19.84	
154.7	19.85	
154.8	19.86	
154.9	19.84	
155.0	19.85	
155.1	19.84	
155.2	19.85	
155.3	19.85	
155.4	19.84	
155.5	19.85	
155.6	19.85	
155.7	19.85	
155.8	19.85	
155.9	19.84	
156.0	19.84	
156.1	19.84	
156.2	19.84	
156.3	19.84	
156.4	19.86	
156.5	19.85	
156.6	19.85	
156.7	19.84	
156.8	19.84	
156.9	19.84	
157.0	19.84	
157.1	19.85	
157.2	19.84	
157.3	19.83	
157.4	19.84	
157.5	19.84	
157.6	19.84	
157.7	19.84	
157.8	19.83	
157.9	19.84	
158.0	19.84	
158.1	19.83	
158.2	19.83	
158.3	19.84	
158.4	19.83	
158.5	19.83	
158.6	19.83	
158.7	19.83	
158.8	19.84	
158.9	19.83	
159.0	19.83	
159.1	19.83	
159.2	19.83	
159.3	19.83	
159.4	19.83	
159.5	19.83	
159.6	19.83	
159.7	19.83	
159.8	19.83	
159.9	19.83	
160.0	19.83	
160.1	19.83	
160.2	19.83	
160.3	19.83	
160.4	19.83	
160.5	19.83	
160.6	19.83	
160.7	19.83	
160.8	19.84	
160.9	19.84	
161.0	19.83	
161.1	19.84	
161.2	19.83	
161.3	19.83	
161.4	19.83	
161.5	19.83	
161.6	19.83	
161.7	19.83	
161.8	19.83	
161.9	19.84	
162.0	19.83	
162.1	19.83	
162.2	19.84	
162.3	19.83	
162.4	19.83	
162.5	19.84	
162.6	19.83	
162.7	19.85	
162.8	19.83	
162.9	19.83	
163.0	19.83	
163.1	19.83	
163.2	19.83	
163.3	19.83	
163.4	19.83	
163.5	19.84	
163.6	19.84	
163.7	19.83	
163.8	19.83	
163.9	19.84	
164.0	19.83	
164.1	19.83	
164.2	19.84	
164.3	19.83	
164.4	19.84	
164.5	19.84	
164.6	19.84	
164.7	19.83	
164.8	19.84	
164.9	19.84	
165.0	19.83	
165.1	19.84	
165.2	19.84	
165.3	19.84	
165.4	19.84	
165.5	19.84	
165.6	19.84	
165.7	19.83	
165.8	19.84	
165.9	19.83	
166.0	19.84	
166.1	19.83	
166.2	19.84	
166.3	19.83	
166.4	19.84	
166.5	19.85	
166.6	19.84	
166.7	19.83	
166.8	19.84	
166.9	19.84	
167.0	19.83	
167.1	19.84	
167.2	19.83	
167.3	19.84	
167.4	19.83	
167.5	19.84	
167.6	19.83	
167.7	19.84	
167.8	19.84	
167.9	19.83	
168.0	19.83	
168.1	19.84	
168.2	19.84	
168.3	19.83	
168.4	19.83	
168.5	19.83	
168.6	19.83	
168.7	19.83	
168.8	19.83	
168.9	19.83	
169.0	19.84	
169.1	19.84	
169.2	19.84	
169.3	19.83	
169.4	19.83	
169.5	19.83	
169.6	19.83	
169.7	19.84	
169.8	19.83	
169.9	19.84	
170.0	19.84	
170.1	19.84	
170.2	19.83	
170.3	19.83	
170.4	19.83	
170.5	19.83	
170.6	19.83	
170.7	19.83	
170.8	19.84	
170.9	19.84	
171.0	19.83	
171.1	19.83	
171.2	19.83	
171.3	19.84	
171.4	19.83	
171.5	19.83	
171.6	19.84	
171.7	19.84	
171.8	19.84	
171.9	19.84	
172.0	19.84	
172.1	19.83	
172.2	19.85	
172.3	19.83	
172.4	19.84	
172.5	19.83	
172.6	19.83	
172.7	19.84	
172.8	19.84	
172.9	19.84	
173.0	19.84	
173.1	19.84	
173.2	19.84	
173.3	19.83	
173.4	19.83	
173.5	19.83	
173.6	19.83	
173.7	19.84	
173.8	19.83	
173.9	19.83	
174.0	19.83	
174.1	19.83	
174.2	19.84	
174.3	19.84	
174.4	19.83	
174.5	19.83	
174.6	19.83	
174.7	19.83	
174.8	19.83	
174.9	19.83	
175.0	19.83	
175.1	19.83	
175.2	19.83	
175.3	19.83	
175.4	19.83	
175.5	19.83	
175.6	19.83	
175.7	19.83	
175.8	19.83	
175.9	19.83	
176.0	19.83	
176.1	19.83	
176.2	19.83	
176.3	19.83	
176.4	19.83	
176.5	19.83	
176.6	19.83	
176.7	19.83	
176.8	19.83	
176.9	19.83	
177.0	19.83	
177.1	19.83	
177.2	19.83	
177.3	19.83	
177.4	19.83	
177.5	19.83	
177.6	19.83	
177.7	19.83	
177.8	19.83	
177.9	19.83	
178.0	19.83	
178.1	19.83	
178.2	19.83	
178.3	19.83	
178.4	19.83	
178.5	19.83	
178.6	19.83	
178.7	19.83	
178.8	19.83	
178.9	19.83	
179.0	19.83	
179.1	19.82	
179.2	19.83	
179.3	19.83	
179.4	19.82	
179.5	19.83	
179.6	19.83	
179.7	19.83	
179.8	19.83	
179.9	19.82	
180.0	19.83	
